00_000000 119914.669593 -61625.692491 3585.838966 0.292367 -1.143772 -13.029351 -61625.692491 32129.573233 -1779.661395 0.584222 0.149215 6.963683 3585.838966 -1779.661395 160.620556 0.631900 -0.795900 0.653760 0.292367 0.584222 0.631900 0.020116 -0.002296 0.009573 -1.143772 0.149215 -0.795900 -0.002296 0.025307 -0.022611 -13.029351 6.963683 0.653760 0.009573 -0.022611 0.059916
00_000004 138.916735 73.192916 70.437928 1.547263 0.247372 1.154022 73.192916 39.742857 37.442205 0.824136 0.134117 0.623369 70.437928 37.442205 36.123827 0.793884 0.126243 0.590185 1.547263 0.824136 0.793884 0.020208 0.002600 0.012504 0.247372 0.134117 0.126243 0.002600 0.004418 0.002147 1.154022 0.623369 0.590185 0.012504 0.002147 0.012722
00_000008 47.908766 -47.930210 4.439058 0.091648 -0.042340 0.064630 -47.930210 49.779850 -4.620798 -0.094988 0.047167 -0.038853 4.439058 -4.620798 0.838277 0.010463 -0.005737 -0.059123 0.091648 -0.094988 0.010463 0.003141 -0.000188 -0.000828 -0.042340 0.047167 -0.005737 -0.000188 0.004252 -0.000075 0.064630 -0.038853 -0.059123 -0.000828 -0.000075 0.019532
00_000013 9.346403 -122.775296 27.222244 -0.234928 0.065737 0.039023 -122.775296 2424.103814 -488.159789 1.780906 -0.593513 0.317667 27.222244 -488.159789 101.190255 -0.507922 0.163487 -0.004216 -0.234928 1.780906 -0.507922 0.013032 -0.002845 -0.002855 0.065737 -0.593513 0.163487 -0.002845 0.004841 0.000849 0.039023 0.317667 -0.004216 -0.002855 0.000849 0.004050
00_000016 5.347815 -1.255249 0.407869 0.036274 -0.017132 -0.283355 -1.255249 3.077354 -0.166058 -0.030033 0.009261 0.034761 0.407869 -0.166058 0.213515 0.004880 0.000643 -0.026943 0.036274 -0.030033 0.004880 0.004657 -0.000078 -0.001374 -0.017132 0.009261 0.000643 -0.000078 0.004550 0.001070 -0.283355 0.034761 -0.026943 -0.001374 0.001070 0.022177
00_000020 136.130686 -51.331832 -175.710083 1.359297 -0.583425 1.693378 -51.331832 49.197521 43.517911 -0.304335 0.476287 -0.834564 -175.710083 43.517911 264.449236 -2.090037 0.579369 -2.023207 1.359297 -0.304335 -2.090037 0.033769 0.002084 0.011311 -0.583425 0.476287 0.579369 0.002084 0.018736 -0.008737 1.693378 -0.834564 -2.023207 0.011311 -0.008737 0.071364
00_000028 239.201493 -34.784477 -1.983194 -0.121971 -0.278067 -2.322642 -34.784477 881.266259 394.529677 2.534700 1.558131 0.438768 -1.983194 394.529677 252.720398 1.742081 1.329890 -0.253272 -0.121971 2.534700 1.742081 0.060018 0.004134 -0.015572 -0.278067 1.558131 1.329890 0.004134 0.041094 -0.015596 -2.322642 0.438768 -0.253272 -0.015572 -0.015596 0.126839
00_000042 10251364.375365 -4872412.049741 -4321387.331685 -334.065080 130.823378 -169.758583 -4872412.049741 2315916.338429 2053937.860730 159.244790 -63.573609 80.423675 -4321387.331685 2053937.860730 1821828.342031 139.639668 -53.620144 72.438616 -334.065080 159.244790 139.639668 0.096875 -0.019253 0.023904 130.823378 -63.573609 -53.620144 -0.019253 0.144280 -0.020963 -169.758583 80.423675 72.438616 0.023904 -0.020963 0.272719
00_000045 328.105646 -105.219515 181.314657 2.727949 -0.684876 1.092718 -105.219515 1079.757685 -116.370825 0.700181 1.510229 1.551418 181.314657 -116.370825 292.367289 1.164351 -1.804425 0.861496 2.727949 0.700181 1.164351 0.153455 0.002497 -0.025066 -0.684876 1.510229 -1.804425 0.002497 0.058230 0.007558 1.092718 1.551418 0.861496 -0.025066 0.007558 0.324392
00_000047 1788.442723 -277.974795 -1202.039154 1.508950 -0.429860 1.241359 -277.974795 2403.801156 1497.646727 -0.610077 -1.321826 0.303874 -1202.039154 1497.646727 2639.554416 -5.622292 -1.589350 -3.544321 1.508950 -0.610077 -5.622292 0.135760 0.037426 -0.001015 -0.429860 -1.321826 -1.589350 0.037426 0.118385 -0.005797 1.241359 0.303874 -3.544321 -0.001015 -0.005797 0.284078
00_000052 1021500.977154 153575.029208 -755538.227708 -82.602558 -38.388811 -122.659935 153575.029208 42417.347734 -114129.027705 3.905476 -7.356196 -38.498393 -755538.227708 -114129.027705 562587.336839 64.308547 36.631062 89.422314 -82.602558 3.905476 64.308547 0.152394 0.042086 -0.021344 -38.388811 -7.356196 36.631062 0.042086 0.215176 -0.085776 -122.659935 -38.498393 89.422314 -0.021344 -0.085776 0.335290
00_000058 2977.235298 -35.775144 -627.381889 -1.813084 5.089721 1.783744 -35.775144 1170.549653 1093.712104 3.071579 -2.111288 -0.811497 -627.381889 1093.712104 3361.489070 0.519555 -9.680020 0.772569 -1.813084 3.071579 0.519555 0.120242 -0.007499 0.007148 5.089721 -2.111288 -9.680020 -0.007499 0.159358 0.020854 1.783744 -0.811497 0.772569 0.007148 0.020854 0.195675
00_000059 75314.807237 -1736.171272 46640.957456 -7.460576 23.711191 -3.537536 -1736.171272 2909.342546 -2207.268494 1.976472 -2.087982 0.412536 46640.957456 -2207.268494 32582.299923 -7.291396 12.862256 1.849245 -7.460576 1.976472 -7.291396 0.084491 -0.020556 -0.021037 23.711191 -2.087982 12.862256 -0.020556 0.133418 -0.018782 -3.537536 0.412536 1.849245 -0.021037 -0.018782 0.348107
00_000060 15574.020178 1069.672946 5345.258160 -12.347230 -0.441838 -18.590437 1069.672946 1335.480935 1426.326328 4.602140 0.914636 0.082506 5345.258160 1426.326328 10958.022741 7.778196 10.205366 -5.727389 -12.347230 4.602140 7.778196 0.130720 -0.001337 0.023784 -0.441838 0.914636 10.205366 -0.001337 0.126926 -0.011733 -18.590437 0.082506 -5.727389 0.023784 -0.011733 0.156446
00_000066 6625.831660 -4423.519645 -3037.959549 8.073343 -1.807456 4.845157 -4423.519645 5734.787607 2524.962875 1.091895 4.092222 -11.830709 -3037.959549 2524.962875 2878.767014 -1.969902 2.912550 -1.712094 8.073343 1.091895 -1.969902 0.113021 0.015350 -0.028620 -1.807456 4.092222 2.912550 0.015350 0.102714 -0.013192 4.845157 -11.830709 -1.712094 -0.028620 -0.013192 0.300731
00_000069 8027856.851314 -3575595.481041 -3548860.021077 180.371564 -202.009620 75.753596 -3575595.481041 1600671.387752 1575335.389126 -78.853070 88.394847 -32.419205 -3548860.021077 1575335.389126 1586610.464882 -90.221129 104.916436 -35.003983 180.371564 -78.853070 -90.221129 0.091466 -0.033691 -0.018180 -202.009620 88.394847 104.916436 -0.033691 0.154839 0.044423 75.753596 -32.419205 -35.003983 -0.018180 0.044423 0.301690
00_000072 40467.120265 -14260.587266 8366.675148 -25.558091 -11.500753 -7.450838 -14260.587266 20141.151243 -6102.202769 0.974222 -6.417697 -11.902929 8366.675148 -6102.202769 31860.108201 1.699349 -18.996767 19.384649 -25.558091 0.974222 1.699349 0.128138 -0.002203 0.001386 -11.500753 -6.417697 -18.996767 -0.002203 0.109030 -0.025181 -7.450838 -11.902929 19.384649 0.001386 -0.025181 0.491944
00_000076 2600312.741900 -1118038.826751 2790530.286654 -183.886041 11.627064 14.378462 -1118038.826751 1622929.918929 -3458075.995055 91.447957 139.221434 -148.621326 2790530.286654 -3458075.995055 7461055.872532 -223.984136 -274.517774 297.858265 -183.886041 91.447957 -223.984136 0.093436 0.004339 0.000046 11.627064 139.221434 -274.517774 0.004339 0.087453 -0.033305 14.378462 -148.621326 297.858265 0.000046 -0.033305 0.368840
00_000080 4833.212150 -2550.958024 -1450.976836 1.350902 -0.481603 -5.066559 -2550.958024 3144.848822 440.104828 -4.040481 -4.020048 1.866006 -1450.976836 440.104828 2708.758176 -1.224520 -2.523806 -1.647435 1.350902 -4.040481 -1.224520 0.164494 0.005114 -0.012569 -0.481603 -4.020048 -2.523806 0.005114 0.092048 -0.003158 -5.066559 1.866006 -1.647435 -0.012569 -0.003158 0.246023
00_000081 90170.492406 -2519.020107 15813.329276 -7.276358 0.569082 48.253942 -2519.020107 7443.701977 -3118.777796 4.519610 -4.885327 1.586292 15813.329276 -3118.777796 5516.205943 -5.001409 3.676028 7.861241 -7.276358 4.519610 -5.001409 0.107002 -0.034210 -0.025826 0.569082 -4.885327 3.676028 -0.034210 0.063116 -0.009796 48.253942 1.586292 7.861241 -0.025826 -0.009796 0.299394
00_000090 97464.241051 26719.911395 80171.200557 8.084351 -35.576177 46.874825 26719.911395 10237.913042 23671.962726 2.815086 -7.790420 9.871139 80171.200557 23671.962726 74686.464179 17.004269 -28.771578 25.880199 8.084351 2.815086 17.004269 0.084094 -0.013156 0.005742 -35.576177 -7.790420 -28.771578 -0.013156 0.071494 -0.004275 46.874825 9.871139 25.880199 0.005742 -0.004275 0.250396
00_000092 42854.197990 -11897.111337 -37919.668334 -19.465958 -3.383598 -24.001806 -11897.111337 5451.288198 9167.634488 9.098196 -5.210254 2.131672 -37919.668334 9167.634488 36877.256242 20.446185 7.034371 23.457262 -19.465958 9.098196 20.446185 0.147955 -0.031548 -0.034351 -3.383598 -5.210254 7.034371 -0.031548 0.101836 0.038989 -24.001806 2.131672 23.457262 -0.034351 0.038989 0.183775
00_000099 7722.970675 -4383.751105 -3239.073038 4.131455 -0.819819 -0.390980 -4383.751105 9741.670822 -2564.455133 -6.235476 2.582391 5.702870 -3239.073038 -2564.455133 20134.768586 -10.671425 -9.476077 -4.319368 4.131455 -6.235476 -10.671425 0.115217 0.002136 -0.007190 -0.819819 2.582391 -9.476077 0.002136 0.082800 0.019405 -0.390980 5.702870 -4.319368 -0.007190 0.019405 0.186143
00_000102 17162.902218 -7923.983691 4507.701738 -6.220226 3.666591 -3.553497 -7923.983691 10082.702381 416.354002 -1.231006 -3.079968 3.029724 4507.701738 416.354002 6872.963197 -6.065222 3.886614 4.255167 -6.220226 -1.231006 -6.065222 0.157816 0.007758 -0.007473 3.666591 -3.079968 3.886614 0.007758 0.078207 0.004915 -3.553497 3.029724 4.255167 -0.007473 0.004915 0.177443
00_000104 86909.103834 -63941.569295 4361.889385 0.281372 2.548908 -18.911434 -63941.569295 53880.957226 -3732.507085 3.395147 -2.134693 0.173561 4361.889385 -3732.507085 1847.386422 0.974338 2.002144 2.578052 0.281372 3.395147 0.974338 0.101349 0.017321 0.009024 2.548908 -2.134693 2.002144 0.017321 0.034983 0.001441 -18.911434 0.173561 2.578052 0.009024 0.001441 0.187349
00_000118 5414.336098 3517.962006 3802.887579 -0.030492 8.933812 5.091074 3517.962006 3063.273803 2520.359188 -2.528849 5.445450 6.122903 3802.887579 2520.359188 3970.721030 2.713457 4.101404 2.765194 -0.030492 -2.528849 2.713457 0.081885 0.002961 -0.032613 8.933812 5.445450 4.101404 0.002961 0.074529 0.010282 5.091074 6.122903 2.765194 -0.032613 0.010282 0.201637
00_000119 152934.496093 32369.577513 -1226.684883 -66.172997 -1.600540 -7.342151 32369.577513 9787.864382 4048.280822 -9.375997 0.965486 5.177205 -1226.684883 4048.280822 8747.628414 6.633679 4.230314 8.437839 -66.172997 -9.375997 6.633679 0.156128 0.019698 0.008100 -1.600540 0.965486 4.230314 0.019698 0.033389 -0.004418 -7.342151 5.177205 8.437839 0.008100 -0.004418 0.135632
00_000127 101700.854413 -65422.745282 -119699.846035 -30.036731 -12.377205 -23.319705 -65422.745282 45772.029258 79407.174739 18.509066 13.506489 20.894195 -119699.846035 79407.174739 146084.209664 33.697575 12.774715 33.949258 -30.036731 18.509066 33.697575 0.070532 0.012566 0.040432 -12.377205 13.506489 12.774715 0.012566 0.101960 0.000926 -23.319705 20.894195 33.949258 0.040432 0.000926 0.150200
00_000129 12585.009993 4452.032656 -2021.357470 -5.119244 5.307523 -3.112972 4452.032656 20687.462816 -341.601788 -0.522982 -0.124839 -15.312358 -2021.357470 -341.601788 1092.815866 -1.572003 -3.572314 0.113103 -5.119244 -0.522982 -1.572003 0.083914 -0.003777 -0.011148 5.307523 -0.124839 -3.572314 -0.003777 0.047299 0.009520 -3.112972 -15.312358 0.113103 -0.011148 0.009520 0.136310
00_000136 14640.147621 -6531.243019 7409.825463 -5.669530 -4.648736 6.701494 -6531.243019 16450.085894 -9525.084835 6.528681 4.026657 -0.754104 7409.825463 -9525.084835 7790.247710 -6.776024 -7.509200 1.268912 -5.669530 6.528681 -6.776024 0.091671 0.008902 0.026177 -4.648736 4.026657 -7.509200 0.008902 0.072702 0.022022 6.701494 -0.754104 1.268912 0.026177 0.022022 0.103829
00_000139 783.028406 -225.009393 150.058976 -1.777182 -2.814826 0.141611 -225.009393 648.366742 276.502547 1.448380 1.129534 -0.938100 150.058976 276.502547 1049.850279 3.421445 1.104141 0.147184 -1.777182 1.448380 3.421445 0.091260 -0.017283 0.006835 -2.814826 1.129534 1.104141 -0.017283 0.091104 -0.015580 0.141611 -0.938100 0.147184 0.006835 -0.015580 0.116785
00_000142 736840.094327 142669.157861 407381.219399 -63.426627 47.727322 -24.573294 142669.157861 129555.650501 38827.632413 -4.891192 6.480486 -38.986885 407381.219399 38827.632413 404082.398261 -59.624090 48.214922 -17.617272 -63.426627 -4.891192 -59.624090 0.068220 -0.002115 0.020960 47.727322 6.480486 48.214922 -0.002115 0.057801 0.012292 -24.573294 -38.986885 -17.617272 0.020960 0.012292 0.114400
00_000153 1797.896248 -1781.804469 310.070104 2.144089 1.403549 -2.533253 -1781.804469 4733.644512 453.538451 -0.867594 1.170309 -1.213103 310.070104 453.538451 523.512091 -0.811981 0.258658 -2.143116 2.144089 -0.867594 -0.811981 0.075272 -0.002655 0.004249 1.403549 1.170309 0.258658 -0.002655 0.035339 -0.001372 -2.533253 -1.213103 -2.143116 0.004249 -0.001372 0.072432
00_000155 4903.926170 -6516.146949 1419.135725 5.380124 0.406768 10.747294 -6516.146949 11145.215923 -2756.325879 -5.190648 -2.000004 -16.737961 1419.135725 -2756.325879 2726.065347 0.826368 1.814384 4.753516 5.380124 -5.190648 0.826368 0.127708 0.014821 0.059393 0.406768 -2.000004 1.814384 0.014821 0.077898 -0.011376 10.747294 -16.737961 4.753516 0.059393 -0.011376 0.101681
00_000157 5275.140439 -3721.793932 -3581.155093 -4.453240 -1.867135 5.260621 -3721.793932 3811.460393 3307.675049 4.413702 2.433651 -5.690885 -3581.155093 3307.675049 3187.242635 3.168958 2.761663 -6.704686 -4.453240 4.413702 3.168958 0.094110 0.008641 0.022387 -1.867135 2.433651 2.761663 0.008641 0.033281 0.008587 5.260621 -5.690885 -6.704686 0.022387 0.008587 0.163564
00_000159 2406.261656 -60039.635538 -26949.088622 -3.087796 -4.349451 -3.683624 -60039.635538 2442088.088597 1090676.261688 73.088366 101.050050 34.864793 -26949.088622 1090676.261688 487747.808161 37.308333 45.334741 20.038280 -3.087796 73.088366 37.308333 0.086457 0.008789 0.054472 -4.349451 101.050050 45.334741 0.008789 0.063757 0.011496 -3.683624 34.864793 20.038280 0.054472 0.011496 0.086705
00_000168 730813.787362 576444.458795 126489.975893 -77.098840 -27.951447 61.765895 576444.458795 458596.539679 99224.947031 -58.642719 -19.707339 41.148582 126489.975893 99224.947031 27256.862533 -17.181574 -10.869875 8.071452 -77.098840 -58.642719 -17.181574 0.060455 -0.013721 -0.004701 -27.951447 -19.707339 -10.869875 -0.013721 0.054505 -0.018107 61.765895 41.148582 8.071452 -0.004701 -0.018107 0.123903
00_000170 158.598882 -8.866619 -243.136221 1.596121 -0.754951 -0.372224 -8.866619 347.048971 36.557954 1.253032 -0.371801 -0.543808 -243.136221 36.557954 951.360928 -2.601675 2.177071 0.488752 1.596121 1.253032 -2.601675 0.056020 -0.015203 0.007081 -0.754951 -0.371801 2.177071 -0.015203 0.021911 -0.003797 -0.372224 -0.543808 0.488752 0.007081 -0.003797 0.028643
00_000172 288213.712609 252470.423842 -74146.683367 3.982729 -30.400160 -58.347459 252470.423842 423604.744505 5592.758975 -66.910728 -22.902363 -65.777898 -74146.683367 5592.758975 68264.104696 -27.735284 -13.433682 8.810489 3.982729 -66.910728 -27.735284 0.149306 0.009270 0.031507 -30.400160 -22.902363 -13.433682 0.009270 0.142564 -0.001245 -58.347459 -65.777898 8.810489 0.031507 -0.001245 0.100351
00_000173 1263703.367468 174739.784597 -1129024.572669 21.723399 84.509742 18.435950 174739.784597 24925.703706 -153949.090099 1.428039 11.455839 5.209320 -1129024.572669 -153949.090099 1022289.745390 -28.500271 -66.371027 -5.476696 21.723399 1.428039 -28.500271 0.090882 -0.004441 0.020107 84.509742 11.455839 -66.371027 -0.004441 0.085612 -0.036926 18.435950 5.209320 -5.476696 0.020107 -0.036926 0.173960
00_000177 412886.026562 -76215.902009 -648720.754094 -18.493381 47.957725 40.537718 -76215.902009 513562.118701 47778.155100 68.907926 -6.929290 58.603533 -648720.754094 47778.155100 1063061.857395 13.528533 -74.138423 -79.239979 -18.493381 68.907926 13.528533 0.116745 0.000465 -0.009317 47.957725 -6.929290 -74.138423 0.000465 0.063940 0.018745 40.537718 58.603533 -79.239979 -0.009317 0.018745 0.125795
00_000186 4259614.347251 -917406.625363 -6655482.682238 -267.061663 215.793767 71.022716 -917406.625363 341562.395579 1458295.797147 86.844447 -46.111523 55.902134 -6655482.682238 1458295.797147 10411479.398145 425.814299 -336.153351 -102.904128 -267.061663 86.844447 425.814299 0.093397 -0.012897 0.007755 215.793767 -46.111523 -336.153351 -0.012897 0.047096 -0.009719 71.022716 55.902134 -102.904128 0.007755 -0.009719 0.133791
00_000201 3935.650242 238.518287 -113.729006 -3.079688 -6.171332 2.279745 238.518287 195.994282 -59.699529 -0.858199 -0.566709 0.644146 -113.729006 -59.699529 1297.707339 0.999546 -0.734662 4.246972 -3.079688 -0.858199 0.999546 0.032805 -0.004935 0.005183 -6.171332 -0.566709 -0.734662 -0.004935 0.058796 -0.002299 2.279745 0.644146 4.246972 0.005183 -0.002299 0.048214
00_000202 127350.632029 65833.484538 -149343.738062 31.326693 -0.392194 39.473808 65833.484538 37892.083944 -82042.851822 28.543676 -4.129916 18.361398 -149343.738062 -82042.851822 182493.871163 -50.000588 2.047369 -41.833238 31.326693 28.543676 -50.000588 0.147294 -0.020717 0.052219 -0.392194 -4.129916 2.047369 -0.020717 0.068121 -0.005877 39.473808 18.361398 -41.833238 0.052219 -0.005877 0.145846
00_000203 1101.642046 -958.239327 -157.149752 -0.932093 0.111201 -0.689972 -958.239327 1208.124727 101.212086 0.910491 -0.881059 2.340117 -157.149752 101.212086 372.616119 -1.619351 2.045298 0.633427 -0.932093 0.910491 -1.619351 0.041274 0.004094 0.013492 0.111201 -0.881059 2.045298 0.004094 0.048601 0.003263 -0.689972 2.340117 0.633427 0.013492 0.003263 0.052832
00_000209 3932.876944 1204.737166 -244.199099 2.839693 -3.862997 3.192194 1204.737166 3282.696312 -921.949458 -0.222805 -0.619787 -0.639711 -244.199099 -921.949458 3262.607576 -5.791097 -6.545610 1.517137 2.839693 -0.222805 -5.791097 0.096910 0.009470 0.012497 -3.862997 -0.619787 -6.545610 0.009470 0.070674 -0.002090 3.192194 -0.639711 1.517137 0.012497 -0.002090 0.111701
00_000211 16141.231069 -168.089281 -5267.873684 -5.842825 4.768062 6.764935 -168.089281 72616.767613 -40057.502848 1.475099 24.593362 51.380314 -5267.873684 -40057.502848 48118.428247 -10.165188 -12.783664 -29.948222 -5.842825 1.475099 -10.165188 0.073777 0.005720 0.002223 4.768062 24.593362 -12.783664 0.005720 0.098427 -0.000893 6.764935 51.380314 -29.948222 0.002223 -0.000893 0.121561
00_000216 2121842.521006 -20320539.040859 -33133088.438871 39.887031 -201.740672 131.744170 -20320539.040859 195992896.002981 320287552.895120 -542.329481 1953.250252 -1044.245646 -33133088.438871 320287552.895120 523877480.333621 -968.335444 3186.011570 -1611.151971 39.887031 -542.329481 -968.335444 0.102698 -0.034169 -0.030989 -201.740672 1953.250252 3186.011570 -0.034169 0.079587 -0.000144 131.744170 -1044.245646 -1611.151971 -0.030989 -0.000144 0.071359
00_000219 6391.037545 -1716.777591 2856.965071 4.906857 -3.233759 -8.350462 -1716.777591 24281.862192 -13368.508026 -12.750732 -20.284294 6.747440 2856.965071 -13368.508026 8280.976476 7.311266 9.998976 -6.655444 4.906857 -12.750732 7.311266 0.050795 0.012106 -0.006603 -3.233759 -20.284294 9.998976 0.012106 0.078071 -0.001882 -8.350462 6.747440 -6.655444 -0.006603 -0.001882 0.055052
00_000229 109405.838423 -58318.940488 47961.775955 53.758537 -21.208947 -16.113254 -58318.940488 36553.717749 -29088.185965 -23.937840 5.240484 5.054788 47961.775955 -29088.185965 23802.209077 20.820244 -8.071733 -3.829493 53.758537 -23.937840 20.820244 0.087299 -0.012604 0.002722 -21.208947 5.240484 -8.071733 -0.012604 0.042885 -0.004342 -16.113254 5.054788 -3.829493 0.002722 -0.004342 0.052303
00_000237 1585.763847 -1818.134474 530.162932 -0.168221 0.586096 -3.048979 -1818.134474 6478.529140 -81.709710 -2.138046 6.212443 6.733921 530.162932 -81.709710 753.003505 0.684144 0.450916 -1.211232 -0.168221 -2.138046 0.684144 0.048710 -0.015507 0.011261 0.586096 6.212443 0.450916 -0.015507 0.043863 0.020944 -3.048979 6.733921 -1.211232 0.011261 0.020944 0.069905
00_000245 187673192.265037 -76233136.264188 -8332310.405616 -150.840039 -42.258251 644.038302 -76233136.264188 30970061.753724 3383902.598409 61.025850 25.642907 -261.118260 -8332310.405616 3383902.598409 380852.600827 -6.627806 0.433889 -27.820346 -150.840039 61.025850 -6.627806 0.076495 -0.018627 0.002823 -42.258251 25.642907 0.433889 -0.018627 0.048684 -0.002786 644.038302 -261.118260 -27.820346 0.002823 -0.002786 0.096239
00_000258 2086.675167 2482.001010 -1151.553547 5.978087 -2.272977 -3.534232 2482.001010 5410.016683 -2256.449280 10.929286 -0.493975 -9.429088 -1151.553547 -2256.449280 1265.210028 -6.745785 0.081594 2.790488 5.978087 10.929286 -6.745785 0.097300 0.004554 -0.022681 -2.272977 -0.493975 0.081594 0.004554 0.066705 0.006483 -3.534232 -9.429088 2.790488 -0.022681 0.006483 0.085470
00_000259 53969.606792 12197.682840 4412.447162 9.696519 -11.794741 23.323331 12197.682840 7693.037487 5675.527412 2.868936 -6.504888 -7.055871 4412.447162 5675.527412 9204.127060 3.731713 -12.189201 -13.562369 9.696519 2.868936 3.731713 0.056783 -0.002053 -0.000424 -11.794741 -6.504888 -12.189201 -0.002053 0.045209 0.019121 23.323331 -7.055871 -13.562369 -0.000424 0.019121 0.131483
00_000265 19908.486238 -8006.993971 -2234.784190 -1.013326 -7.765488 12.478496 -8006.993971 4340.340918 156.233922 5.029334 5.411114 -5.511254 -2234.784190 156.233922 2481.566798 -3.695258 0.272052 -2.804869 -1.013326 5.029334 -3.695258 0.080112 0.003048 0.001425 -7.765488 5.411114 0.272052 0.003048 0.063074 -0.017527 12.478496 -5.511254 -2.804869 0.001425 -0.017527 0.126573
00_000267 227297641.252136 489709237.945037 -636106927.180012 -1500.140588 -1888.043444 33.114041 489709237.945037 1055266191.108480 -1370690533.061426 -3226.300406 -4086.810657 122.225167 -636106927.180012 -1370690533.061426 1780565728.548472 4203.192264 5313.323925 -194.946104 -1500.140588 -3226.300406 4203.192264 0.126852 0.012424 0.012120 -1888.043444 -4086.810657 5313.323925 0.012424 0.080796 -0.030938 33.114041 122.225167 -194.946104 0.012120 -0.030938 0.152581
00_000271 162256.115892 -69535.463395 -26937.652227 3.341744 -37.525706 -39.507292 -69535.463395 33684.291417 12022.797692 -5.258539 17.080482 25.405880 -26937.652227 12022.797692 22145.685485 0.024514 23.209585 3.241031 3.341744 -5.258539 0.024514 0.049657 -0.004483 -0.013216 -37.525706 17.080482 23.209585 -0.004483 0.060734 0.005320 -39.507292 25.405880 3.241031 -0.013216 0.005320 0.104572
00_000272 306191.887013 674491.724370 335543.821200 -18.656433 25.723242 34.824958 674491.724370 1648296.785834 861017.473408 -55.578249 41.006298 -5.082203 335543.821200 861017.473408 691915.846636 -46.968739 64.246844 -63.920439 -18.656433 -55.578249 -46.968739 0.034202 -0.010147 0.011504 25.723242 41.006298 64.246844 -0.010147 0.079845 0.020846 34.824958 -5.082203 -63.920439 0.011504 0.020846 0.113599
00_000276 259579.743267 -163221.958005 83932.547518 -5.158100 -69.368126 12.453989 -163221.958005 146302.265845 -80525.955959 -2.527685 63.265386 -17.633720 83932.547518 -80525.955959 79344.500159 17.247896 -65.584288 -8.189922 -5.158100 -2.527685 17.247896 0.084102 -0.003292 -0.017688 -69.368126 63.265386 -65.584288 -0.003292 0.120434 0.003877 12.453989 -17.633720 -8.189922 -0.017688 0.003877 0.117616
00_000278 323008.459112 -74639.292972 283509.712901 12.864653 -60.510212 48.736761 -74639.292972 40602.587449 -75767.664130 1.246497 20.086408 -33.405504 283509.712901 -75767.664130 258043.271842 18.125805 -62.537682 54.124507 12.864653 1.246497 18.125805 0.094046 -0.023963 0.013733 -60.510212 20.086408 -62.537682 -0.023963 0.077261 -0.026302 48.736761 -33.405504 54.124507 0.013733 -0.026302 0.129142
00_000283 3521.813262 14208.162231 6761.414363 2.709152 -1.699382 6.141040 14208.162231 81705.674981 41584.692811 15.256001 -1.520779 -5.250877 6761.414363 41584.692811 21657.716392 7.968861 -0.256085 -4.666569 2.709152 15.256001 7.968861 0.032064 -0.005603 -0.002367 -1.699382 -1.520779 -0.256085 -0.005603 0.027237 -0.018590 6.141040 -5.250877 -4.666569 -0.002367 -0.018590 0.084902
00_000290 34124.233532 -3193.508045 12373.828905 3.753911 -12.302531 -26.688444 -3193.508045 1886.296109 -1663.534736 0.927394 0.124098 1.327715 12373.828905 -1663.534736 4792.263576 0.919274 -2.571059 -9.222008 3.753911 0.927394 0.919274 0.051996 -0.006853 -0.008529 -12.302531 0.124098 -2.571059 -0.006853 0.036407 0.004268 -26.688444 1.327715 -9.222008 -0.008529 0.004268 0.046442
00_000296 6752.308715 777.212844 3946.421627 11.425093 -5.588108 -7.925462 777.212844 23123.033553 -13685.103843 15.936203 1.682901 7.708236 3946.421627 -13685.103843 11725.000019 -2.442493 -3.031943 -12.532164 11.425093 15.936203 -2.442493 0.072493 -0.001507 -0.009657 -5.588108 1.682901 -3.031943 -0.001507 0.057467 0.001724 -7.925462 7.708236 -12.532164 -0.009657 0.001724 0.094122
00_000298 35395.149187 27052.407204 -4135.496357 4.517813 31.750229 -13.630580 27052.407204 50692.972391 8269.267465 2.565849 21.682337 -21.260823 -4135.496357 8269.267465 27005.279496 10.191164 8.742770 0.645483 4.517813 2.565849 10.191164 0.030848 0.014747 0.011567 31.750229 21.682337 8.742770 0.014747 0.088700 -0.018042 -13.630580 -21.260823 0.645483 0.011567 -0.018042 0.142664
00_000308 6211.634701 4052.854640 2848.939361 3.042438 -0.634202 -2.959315 4052.854640 14091.747274 5228.872035 0.861082 -6.158337 -12.677158 2848.939361 5228.872035 5140.174372 -1.760701 -7.262750 -2.443760 3.042438 0.861082 -1.760701 0.044458 0.009174 0.009243 -0.634202 -6.158337 -7.262750 0.009174 0.059919 0.003060 -2.959315 -12.677158 -2.443760 0.009243 0.003060 0.114045
00_000311 20071.920355 9313.129975 -16872.664913 -9.242424 -13.774404 -13.248726 9313.129975 13709.759581 -7993.694411 -11.174625 -4.945658 0.732824 -16872.664913 -7993.694411 21376.441356 16.642432 15.008543 6.737629 -9.242424 -11.174625 16.642432 0.100129 0.011817 -0.010416 -13.774404 -4.945658 15.008543 0.011817 0.041793 -0.008573 -13.248726 0.732824 6.737629 -0.010416 -0.008573 0.125993
00_000316 55595.399202 -56366.703355 -17269.535467 -13.054452 -1.657754 8.526203 -56366.703355 126783.598640 18322.619994 20.457888 -36.380034 -35.791463 -17269.535467 18322.619994 32058.925664 21.160459 -17.113416 15.067118 -13.054452 20.457888 21.160459 0.068066 -0.012447 0.028705 -1.657754 -36.380034 -17.113416 -0.012447 0.082325 0.009795 8.526203 -35.791463 15.067118 0.028705 0.009795 0.105647
00_000319 590719.315369 -523712.779759 -25445.345589 -17.343418 0.660466 64.606883 -523712.779759 942246.529897 180955.261771 -8.170674 -5.335275 2.466707 -25445.345589 180955.261771 287681.863954 7.550682 29.548054 42.556469 -17.343418 -8.170674 7.550682 0.046615 0.025537 0.021430 0.660466 -5.335275 29.548054 0.025537 0.035214 0.023033 64.606883 2.466707 42.556469 0.021430 0.023033 0.176990
00_000323 230204.130660 -82387.764305 160370.111206 15.579378 -7.494007 -29.395717 -82387.764305 2109997.772206 -382372.555144 -45.227496 15.209916 23.690505 160370.111206 -382372.555144 171263.257848 13.234804 -7.256829 -9.254219 15.579378 -45.227496 13.234804 0.074658 0.017034 -0.034783 -7.494007 15.209916 -7.256829 0.017034 0.068060 0.010137 -29.395717 23.690505 -9.254219 -0.034783 0.010137 0.123767
00_000327 16141.721767 1351.907220 -11231.257795 0.224920 13.218097 -4.402624 1351.907220 2515.493311 344.440163 3.660643 -0.104666 1.353526 -11231.257795 344.440163 12351.962104 -0.533211 -15.507353 5.082569 0.224920 3.660643 -0.533211 0.069645 0.004615 0.006940 13.218097 -0.104666 -15.507353 0.004615 0.037829 -0.016107 -4.402624 1.353526 5.082569 0.006940 -0.016107 0.057358
00_000334 56749.295786 12400.901425 -11260.941019 -38.904523 14.622244 0.190057 12400.901425 3989.138077 -3006.033313 -4.775337 1.710337 -2.152270 -11260.941019 -3006.033313 5975.942646 10.395287 6.190818 4.597652 -38.904523 -4.775337 10.395287 0.134522 -0.002066 -0.000850 14.622244 1.710337 6.190818 -0.002066 0.052287 -0.003071 0.190057 -2.152270 4.597652 -0.000850 -0.003071 0.059560
00_000337 601688.676019 4444435.272639 1940450.891582 -7.426646 96.180981 19.101159 4444435.272639 34101092.626422 14925808.295078 -149.149182 763.824164 91.764688 1940450.891582 14925808.295078 6593636.464782 -83.530059 328.869486 35.565967 -7.426646 -149.149182 -83.530059 0.082352 -0.019047 -0.003130 96.180981 763.824164 328.869486 -0.019047 0.047720 0.002116 19.101159 91.764688 35.565967 -0.003130 0.002116 0.054258
00_000347 7746.543565 -1545.061001 -1232.459572 -2.334867 0.480364 4.252415 -1545.061001 16620.210996 -913.424518 12.219308 -7.618852 14.226256 -1232.459572 -913.424518 4978.960512 1.634371 8.549883 -5.793984 -2.334867 12.219308 1.634371 0.057945 0.015690 0.014424 0.480364 -7.618852 8.549883 0.015690 0.090070 -0.013802 4.252415 14.226256 -5.793984 0.014424 -0.013802 0.171452
00_000352 6770.735327 1417.865719 -923.867411 -6.381761 -2.235355 8.616526 1417.865719 682.655026 -79.614416 -0.118803 -1.106186 3.133896 -923.867411 -79.614416 178.567623 0.877795 0.180477 -0.826580 -6.381761 -0.118803 0.877795 0.028977 -0.006750 -0.008919 -2.235355 -1.106186 0.180477 -0.006750 0.032762 -0.005825 8.616526 3.133896 -0.826580 -0.008919 -0.005825 0.054126
00_000353 850.657730 -517.274289 -203.649540 -0.522491 -0.988874 -1.972539 -517.274289 987.577033 -88.162765 1.530520 -1.061892 -0.635243 -203.649540 -88.162765 209.946566 -0.504552 1.167765 0.191376 -0.522491 1.530520 -0.504552 0.058761 0.003641 0.006919 -0.988874 -1.061892 1.167765 0.003641 0.039384 0.016855 -1.972539 -0.635243 0.191376 0.006919 0.016855 0.081800
00_000354 176398.339750 -286600.815489 284691.244818 -29.914333 -25.413041 -43.819052 -286600.815489 481085.509110 -470887.297323 46.586872 46.933652 77.493221 284691.244818 -470887.297323 468271.506440 -48.492643 -37.536632 -71.411381 -29.914333 46.586872 -48.492643 0.047734 0.000318 0.002045 -25.413041 46.933652 -37.536632 0.000318 0.051398 0.027565 -43.819052 77.493221 -71.411381 0.002045 0.027565 0.055733
00_000359 79247.340732 26338.427847 -101566.734531 6.987333 45.608300 12.211185 26338.427847 89888.918081 -108351.042141 38.280529 8.315932 -16.109714 -101566.734531 -108351.042141 345834.716522 -13.962862 -8.965055 -3.210882 6.987333 38.280529 -13.962862 0.112396 -0.002598 0.014060 45.608300 8.315932 -8.965055 -0.002598 0.126049 0.012065 12.211185 -16.109714 -3.210882 0.014060 0.012065 0.091050
00_000360 4722852.685730 -2848500.509800 -4323701.524615 188.076687 139.275029 -149.789085 -2848500.509800 1818537.971885 2586590.286410 -92.058749 -89.173887 135.196872 -4323701.524615 2586590.286410 4019529.281643 -185.969527 -144.629266 144.369053 188.076687 -92.058749 -185.969527 0.080749 -0.004058 -0.006402 139.275029 -89.173887 -144.629266 -0.004058 0.044268 -0.003003 -149.789085 135.196872 144.369053 -0.006402 -0.003003 0.147538
00_000364 2107280.737118 -1368642.870455 1017162.101305 -158.596715 -83.883067 -187.513184 -1368642.870455 889920.527963 -660821.405020 102.418290 55.153193 120.331488 1017162.101305 -660821.405020 491054.014443 -76.463892 -40.737611 -90.085083 -158.596715 102.418290 -76.463892 0.024753 0.006633 0.009142 -83.883067 55.153193 -40.737611 0.006633 0.010412 0.003007 -187.513184 120.331488 -90.085083 0.009142 0.003007 0.077138
00_000365 17237.228542 -2272.500367 -1478.548289 -4.706608 -0.894155 3.149381 -2272.500367 465.261822 317.117065 1.709328 0.298788 -0.652279 -1478.548289 317.117065 960.124888 4.386246 1.220837 0.291193 -4.706608 1.709328 4.386246 0.055164 0.003439 0.010607 -0.894155 0.298788 1.220837 0.003439 0.006993 -0.000622 3.149381 -0.652279 0.291193 0.010607 -0.000622 0.015856
00_000366 104211.373398 -101105.652339 -142483.812815 12.148493 -23.191000 7.761886 -101105.652339 110183.988920 129811.819088 -5.865868 27.298975 -1.433293 -142483.812815 129811.819088 214984.801006 -31.846210 21.405486 -11.746714 12.148493 -5.865868 -31.846210 0.050864 0.014593 -0.008122 -23.191000 27.298975 21.405486 0.014593 0.068378 -0.010477 7.761886 -1.433293 -11.746714 -0.008122 -0.010477 0.102878
00_000368 39416.446052 -3327.459438 -8264.543137 4.832173 0.232578 3.150282 -3327.459438 29423.656478 43798.444777 16.275829 29.587089 3.965816 -8264.543137 43798.444777 100918.040348 14.422732 60.317530 -8.998218 4.832173 16.275829 14.422732 0.029478 0.013338 0.010942 0.232578 29.587089 60.317530 0.013338 0.083335 0.009057 3.150282 3.965816 -8.998218 0.010942 0.009057 0.035617
00_000373 2181.842871 -721.281927 -14.996221 -1.040965 -0.175013 -2.235148 -721.281927 2629.281761 -472.267539 -0.875606 -6.395814 1.044516 -14.996221 -472.267539 362.035620 1.184129 2.999430 -1.203541 -1.040965 -0.875606 1.184129 0.021717 0.014045 0.008752 -0.175013 -6.395814 2.999430 0.014045 0.039278 -0.004567 -2.235148 1.044516 -1.203541 0.008752 -0.004567 0.042196
00_000375 936955.199400 362512.529665 97601.761029 41.900820 -9.065212 13.440758 362512.529665 146202.349498 34550.829530 17.908793 1.603727 18.220364 97601.761029 34550.829530 13484.918522 7.583099 -3.487176 -7.212700 41.900820 17.908793 7.583099 0.076982 -0.000259 -0.008516 -9.065212 1.603727 -3.487176 -0.000259 0.039565 0.018670 13.440758 18.220364 -7.212700 -0.008516 0.018670 0.064931
00_000389 1331.392340 -943.612258 -368.246731 -1.887500 3.444688 -2.400864 -943.612258 972.603702 376.058499 2.002342 -3.883357 2.069423 -368.246731 376.058499 165.595751 0.767818 -1.735905 1.642926 -1.887500 2.002342 0.767818 0.046776 -0.008309 0.011039 3.444688 -3.883357 -1.735905 -0.008309 0.023571 -0.018916 -2.400864 2.069423 1.642926 0.011039 -0.018916 0.049917
00_000395 3659927.152811 439204.572532 831402.791599 18.141411 -194.437637 57.904738 439204.572532 125403.739295 228441.288639 -25.507845 -51.386957 -5.450960 831402.791599 228441.288639 426505.695713 -51.072123 -88.160321 -2.011660 18.141411 -25.507845 -51.072123 0.029986 0.007504 0.002563 -194.437637 -51.386957 -88.160321 0.007504 0.036273 0.010916 57.904738 -5.450960 -2.011660 0.002563 0.010916 0.024662
00_000396 1190.550010 57.857416 -362.237600 -2.173653 -1.582188 0.446103 57.857416 1125.067924 -194.036344 2.606338 -1.954659 -0.909369 -362.237600 -194.036344 708.875641 1.566914 2.770886 0.387405 -2.173653 2.606338 1.566914 0.032048 -0.000391 -0.002287 -1.582188 -1.954659 2.770886 -0.000391 0.029930 0.005123 0.446103 -0.909369 0.387405 -0.002287 0.005123 0.040635
00_000397 44910.467445 10654.390388 -31435.076129 -7.696013 -14.973313 14.620936 10654.390388 24096.484155 -13723.596198 16.926634 -1.241488 20.858417 -31435.076129 -13723.596198 25805.872055 -0.330409 10.119594 -16.537874 -7.696013 16.926634 -0.330409 0.035506 0.005766 0.016176 -14.973313 -1.241488 10.119594 0.005766 0.024313 0.003250 14.620936 20.858417 -16.537874 0.016176 0.003250 0.093097
00_000405 34832.703868 12692.364455 1114.877215 -0.551118 0.071325 15.762404 12692.364455 11817.816048 -4175.487729 6.720799 0.960030 -6.703058 1114.877215 -4175.487729 3360.887335 -6.117125 -0.603298 7.547231 -0.551118 6.720799 -6.117125 0.026464 0.003631 -0.005536 0.071325 0.960030 -0.603298 0.003631 0.026292 -0.013246 15.762404 -6.703058 7.547231 -0.005536 -0.013246 0.090680
00_000411 5175.983006 2181.620753 5781.285909 -7.488646 -7.656546 6.801569 2181.620753 15458.077757 56945.231607 -18.778182 -10.438079 -6.155312 5781.285909 56945.231607 230653.441226 -73.447618 -42.102488 -22.209670 -7.488646 -18.778182 -73.447618 0.060958 0.033682 -0.006407 -7.656546 -10.438079 -42.102488 0.033682 0.050627 -0.012673 6.801569 -6.155312 -22.209670 -0.006407 -0.012673 0.098361
00_000414 39251284.168363 -2518951.872996 330493.042669 -50.535777 58.278921 949.644066 -2518951.872996 408651.515466 15135.061870 9.103885 2.996256 -106.144846 330493.042669 15135.061870 15307.689605 -3.254792 6.978856 -5.968830 -50.535777 9.103885 -3.254792 0.066003 -0.006540 0.009607 58.278921 2.996256 6.978856 -0.006540 0.019592 -0.013419 949.644066 -106.144846 -5.968830 0.009607 -0.013419 0.171876
00_000417 15070.086053 -16928.291350 2588.059986 -8.542166 -1.704398 -8.487450 -16928.291350 30690.538617 -14795.863661 3.739722 6.433493 20.119037 2588.059986 -14795.863661 15761.685018 0.818164 -10.226529 -9.885699 -8.542166 3.739722 0.818164 0.067465 -0.010251 -0.011138 -1.704398 6.433493 -10.226529 -0.010251 0.030790 0.009724 -8.487450 20.119037 -9.885699 -0.011138 0.009724 0.031574
00_000432 874.830764 524.439010 248.857556 0.928331 1.057796 -0.631670 524.439010 1014.475245 302.240818 1.465004 0.320477 -2.035770 248.857556 302.240818 271.172707 1.173539 -0.028714 0.232952 0.928331 1.465004 1.173539 0.013129 0.000035 -0.006685 1.057796 0.320477 -0.028714 0.000035 0.008384 -0.004764 -0.631670 -2.035770 0.232952 -0.006685 -0.004764 0.038652
00_000438 173.631575 -819.153275 1031.730339 1.841743 -0.680457 -0.170880 -819.153275 16769.615744 -10553.064665 -9.978775 4.302363 4.164874 1031.730339 -10553.064665 9555.517742 14.730338 -5.306580 -1.787035 1.841743 -9.978775 14.730338 0.039017 -0.009728 -0.000923 -0.680457 4.302363 -5.306580 -0.009728 0.008315 -0.000508 -0.170880 4.164874 -1.787035 -0.000923 -0.000508 0.009288
00_000443 10873.765997 33536.306007 2722.692689 -7.252761 -2.177992 -15.515742 33536.306007 140477.472538 10377.678041 -41.991479 -8.167988 -54.973208 2722.692689 10377.678041 897.391885 -2.938394 0.211513 -5.375637 -7.252761 -41.991479 -2.938394 0.024964 0.006067 0.023654 -2.177992 -8.167988 0.211513 0.006067 0.020575 -0.005270 -15.515742 -54.973208 -5.375637 0.023654 -0.005270 0.087031
00_000446 3052.409431 581.867656 153.929266 -0.505695 -6.971442 0.542102 581.867656 695.544406 366.709368 -0.991552 -1.835920 -0.253541 153.929266 366.709368 460.656190 -0.669083 0.044986 0.683091 -0.505695 -0.991552 -0.669083 0.025630 0.003113 -0.005829 -6.971442 -1.835920 0.044986 0.003113 0.062062 0.006871 0.542102 -0.253541 0.683091 -0.005829 0.006871 0.026327
00_000458 6565443.677811 3308883.399317 1190464.789097 31.979061 -37.265679 -141.136229 3308883.399317 1890614.200443 469820.996098 6.361872 -15.836403 -66.704520 1190464.789097 469820.996098 420050.249050 4.755674 -54.458741 -54.360828 31.979061 6.361872 4.755674 0.048541 -0.005087 0.010343 -37.265679 -15.836403 -54.458741 -0.005087 0.048288 0.007375 -141.136229 -66.704520 -54.360828 0.010343 0.007375 0.130566
00_000468 5856474.193589 -1340303.781845 -8621202.624287 -95.260820 -264.109472 60.849795 -1340303.781845 315625.048005 1963073.888542 22.426921 57.687035 -29.977928 -8621202.624287 1963073.888542 12706753.513836 141.575245 379.035666 -68.683151 -95.260820 22.426921 141.575245 0.027738 0.001580 -0.000938 -264.109472 57.687035 379.035666 0.001580 0.055575 -0.005165 60.849795 -29.977928 -68.683151 -0.000938 -0.005165 0.052784
00_000472 100004.101073 -66171.507988 43068.877661 25.185551 -45.367900 -10.124518 -66171.507988 74709.417138 -27938.690003 -4.244077 19.202560 -5.904971 43068.877661 -27938.690003 44067.351737 24.117585 2.911723 -9.424100 25.185551 -4.244077 24.117585 0.064198 0.000672 -0.018909 -45.367900 19.202560 2.911723 0.000672 0.071672 -0.003792 -10.124518 -5.904971 -9.424100 -0.018909 -0.003792 0.119252
00_000473 204028.991971 -249687.137530 45629.843803 14.001556 3.654795 44.246509 -249687.137530 342462.662880 -47885.436301 -17.715912 -13.614150 -86.620646 45629.843803 -47885.436301 13392.095499 0.452196 -1.680360 2.082976 14.001556 -17.715912 0.452196 0.105976 -0.026428 -0.017638 3.654795 -13.614150 -1.680360 -0.026428 0.040120 0.004286 44.246509 -86.620646 2.082976 -0.017638 0.004286 0.064686
00_000478 2341.054195 839.726447 -4588.988434 -0.923615 -3.134167 -5.839158 839.726447 1747.687600 -1796.846951 3.799148 -4.166490 0.978131 -4588.988434 -1796.846951 12961.385367 5.910926 8.761569 17.352970 -0.923615 3.799148 5.910926 0.065311 0.006720 0.013635 -3.134167 -4.166490 8.761569 0.006720 0.038172 0.025384 -5.839158 0.978131 17.352970 0.013635 0.025384 0.147492
00_000481 870959236265.286987 355846806063.736511 -1183069087630.013184 109072.669734 -20132.210751 88683.806553 355846806063.736511 145387923917.355988 -483365179397.772644 44556.646743 -8214.997385 36233.082357 -1183069087630.013184 -483365179397.772644 1607024126935.261230 -148143.968370 27319.753543 -120447.368267 109072.669734 44556.646743 -148143.968370 0.052416 -0.025146 0.009446 -20132.210751 -8214.997385 27319.753543 -0.025146 0.038074 -0.005004 88683.806553 36233.082357 -120447.368267 0.009446 -0.005004 0.097685
